201512181455	636602
201512181500	648261
201512181505	652905
201512181510	647965
201512181515	625802
201512181520	634055
201512181525	628610
201512181530	632076
201512181535	631290
201512181540	640624
201512181545	632509
201512181550	623581
201512181555	620634
201512181600	647385
201512181605	658183
201512181610	660739
201512181615	664703
201512181620	667487
201512181625	669260
201512181630	674166
201512181635	679264
201512181640	684815
201512181645	686583
201512181650	686369
201512181655	680689
201512181700	673973
201512181705	671491
201512181710	650922
201512181715	645517
201512181720	653545
201512181725	634961
201512181730	615727
201512181735	609403
201512181740	616366
201512181745	605964
201512181750	603131
201512181755	599762
201512181800	609925
201512181805	611222
201512181810	611666
201512181815	611014
201512181820	609009
201512181825	613463
201512181830	621385
201512181835	628918
201512181840	635841
201512181845	642618
201512181850	648803
201512181855	649742
201512181900	645247
201512181905	652568
201512181910	668259
201512181915	668844
201512181920	678604
201512181925	678399
201512181930	684516
201512181935	681017
201512181940	686860
201512181945	679348
201512181950	671667
201512181955	668792
201512182000	674577
201512182005	669556
201512182010	671546
201512182015	674355
201512182020	672945
201512182025	669410
201512182030	666717
201512182035	654985
201512182040	657619
201512182045	645366
201512182050	637030
201512182055	628637
201512182100	628138
201512182105	625578
201512182110	627674
201512182115	621567
201512182120	604374
201512182125	590282
201512182130	573955
201512182135	565923
201512182140	559682
201512182145	548966
201512182150	532247
201512182155	516590
201512182200	503195
201512182205	491287
201512182210	479185
201512182215	465652
201512182220	452523
201512182225	436471
201512182230	425033
201512182235	418327
201512182240	403699
201512182245	391529
201512182250	377893
201512182255	357429
201512182300	347855
201512182305	338326
201512182310	326915
201512182315	310659
201512182320	300457
201512182325	289838
201512182330	276193
201512182335	263354
201512182340	252685
201512182345	241144
201512182350	232890
201512182355	223088
201512190000	218370
201512190005	208591
201512190010	199689
201512190015	189805
201512190020	179492
201512190025	169413
201512190030	160980
201512190035	153239
201512190040	145943
201512190045	139044
201512190050	132640
201512190055	123361
201512190100	119815
201512190105	120287
201512190110	115772
201512190115	109061
201512190120	102624
201512190125	98077
201512190130	94588
201512190135	91740
201512190140	88454
201512190145	86320
201512190150	82293
201512190155	76922
201512190200	78613
201512190205	79428
201512190210	76412
201512190215	73599
201512190220	69445
201512190225	66511
201512190230	64341
201512190235	62373
201512190240	61032
201512190245	58777
201512190250	57340
201512190255	54960
201512190300	56139
201512190305	57850
201512190310	57161
201512190315	55316
201512190320	53183
201512190325	51303
201512190330	50285
201512190335	49302
201512190340	48183
201512190345	46477
201512190350	45591
201512190355	43454
201512190400	45549
201512190405	47521
201512190410	47521
201512190415	46229
201512190420	44797
201512190425	42630
201512190430	42658
201512190435	42698
201512190440	42080
201512190445	41009
201512190450	39662
201512190455	37733
201512190500	41698
201512190505	43675
201512190510	44022
201512190515	44378
201512190520	42416
201512190525	41240
201512190530	41685
201512190535	42583
201512190540	42208
201512190545	42474
201512190550	43329
201512190555	41936
201512190600	45327
201512190605	49098
201512190610	51682
201512190615	52296
201512190620	52315
201512190625	52188
201512190630	53538
201512190635	56135
201512190640	57964
201512190645	60782
201512190650	62468
201512190655	64445
201512190700	71356
201512190705	77344
201512190710	82721
201512190715	88618
201512190720	94130
201512190725	99981
201512190730	107786
201512190735	116595
201512190740	126133
201512190745	137505
201512190750	146724
201512190755	158671
201512190800	176837
201512190805	196971
201512190810	213110
201512190815	229908
201512190820	243427
201512190825	260059
201512190830	275819
201512190835	293715
201512190840	311695
201512190845	327780
201512190850	346807
201512190855	360974
201512190900	378753
201512190905	399726
201512190910	413984
201512190915	428167
201512190920	439923
201512190925	450718
201512190930	463103
201512190935	474567
201512190940	484238
201512190945	494981
201512190950	506157
201512190955	514942
201512191000	530784
201512191005	542956
201512191010	553160
201512191015	560244
201512191020	563430
201512191025	570791
201512191030	582675
201512191035	584019
201512191040	587050
201512191045	590939
201512191050	592850
201512191055	592365
201512191100	603507
201512191105	607600
201512191110	609176
201512191115	609130
201512191120	606166
201512191125	601948
201512191130	597836
201512191135	593757
201512191140	597802
201512191145	601449
201512191150	606897
201512191155	600101
201512191200	582256
201512191205	573016
201512191210	571586
201512191215	573833
201512191220	576289
201512191225	581023
201512191230	583116
201512191235	585898
201512191240	585598
201512191245	588916
201512191250	593911
201512191255	604282
201512191300	609946
201512191305	616037
201512191310	621337
201512191315	626380
201512191320	630533
201512191325	638266
201512191330	644594
201512191335	650757
201512191340	657657
201512191345	659102
201512191350	663317
201512191355	664736
201512191400	672483
201512191405	675736
201512191410	677657
201512191415	679234
201512191420	682151
201512191425	679901
201512191430	683301
201512191435	682141
201512191440	684096
201512191445	684627
201512191450	685265
201512191455	685644
201512191500	688476
201512191505	688105
201512191510	687654
201512191515	688415
201512191520	692708
201512191525	687717
201512191530	693853
201512191535	696741
201512191540	696011
201512191545	692025
201512191550	690462
201512191555	690358
