201510282150	499954
201510282155	488778
201510282200	476115
201510282205	462797
201510282210	452229
201510282215	440745
201510282220	428458
201510282225	414263
201510282230	401141
201510282235	389313
201510282240	374846
201510282245	364823
201510282250	354951
201510282255	342354
201510282300	325413
201510282305	311296
201510282310	300437
201510282315	280180
201510282320	261543
201510282325	250196
201510282330	237802
201510282335	224847
201510282340	215739
201510282345	203825
201510282350	192628
201510282355	185047
201510290000	178296
201510290005	168100
201510290010	159344
201510290015	152324
201510290020	144692
201510290025	137507
201510290030	130753
201510290035	124121
201510290040	118845
201510290045	114361
201510290050	107759
201510290055	105412
201510290100	101087
201510290105	98041
201510290110	95121
201510290115	90249
201510290120	85752
201510290125	82562
201510290130	80096
201510290135	76678
201510290140	74256
201510290145	71330
201510290150	68507
201510290155	65383
201510290200	64563
201510290205	64222
201510290210	60958
201510290215	59234
201510290220	57837
201510290225	56103
201510290230	56024
201510290235	54394
201510290240	52084
201510290245	51564
201510290250	49619
201510290255	48033
201510290300	47610
201510290305	48967
201510290310	48006
201510290315	47786
201510290320	45871
201510290325	45031
201510290330	44907
201510290335	44113
201510290340	43515
201510290345	42467
201510290350	41955
201510290355	40350
201510290400	40631
201510290405	40938
201510290410	41424
201510290415	41301
201510290420	41113
201510290425	40589
201510290430	40895
201510290435	40268
201510290440	38787
201510290445	39008
201510290450	38664
201510290455	37304
201510290500	38409
201510290505	40358
201510290510	41780
201510290515	42696
201510290520	42481
201510290525	41899
201510290530	42365
201510290535	42623
201510290540	43314
201510290545	44909
201510290550	45179
201510290555	45592
201510290600	47588
201510290605	51237
201510290610	53560
201510290615	55770
201510290620	55411
201510290625	58160
201510290630	60111
201510290635	62897
201510290640	63142
201510290645	67861
201510290650	70556
201510290655	72209
201510290700	74893
201510290705	81122
201510290710	86438
201510290715	91227
201510290720	94911
201510290725	103108
201510290730	111248
201510290735	119672
201510290740	128445
201510290745	144044
201510290750	159914
201510290755	178457
201510290800	201829
201510290805	232888
201510290810	258015
201510290815	281058
201510290820	299570
201510290825	325981
201510290830	352965
201510290835	376374
201510290840	400491
201510290845	425513
201510290850	444174
201510290855	463268
201510290900	478171
201510290905	501036
201510290910	516117
201510290915	526784
201510290920	533595
201510290925	542561
201510290930	544693
201510290935	549685
201510290940	553505
201510290945	561467
201510290950	568064
201510290955	574413
201510291000	574326
201510291005	586494
201510291010	590743
201510291015	599818
201510291020	601533
201510291025	612022
201510291030	621803
201510291035	624619
201510291040	615623
201510291045	615373
201510291050	622268
201510291055	618115
201510291100	608616
201510291105	611257
201510291110	609670
201510291115	609533
201510291120	601863
201510291125	587794
201510291130	569748
201510291135	559299
201510291140	539305
201510291145	542376
201510291150	534058
201510291155	517734
201510291200	485399
201510291205	470142
201510291210	476695
201510291215	484402
201510291220	490432
201510291225	503641
201510291230	514170
201510291235	516392
201510291240	518777
201510291245	517121
201510291250	515775
201510291255	517636
201510291300	509530
201510291305	521347
201510291310	519337
201510291315	514914
201510291320	518275
201510291325	521194
201510291330	530187
201510291335	529612
201510291340	512592
201510291345	510950
201510291350	514672
201510291355	523131
201510291400	558762
201510291405	571951
201510291410	583094
201510291415	591203
201510291420	592195
201510291425	599876
201510291430	608912
201510291435	617850
201510291440	621033
201510291445	625789
201510291450	626951
201510291455	629802
201510291500	638228
201510291505	643924
201510291510	643413
201510291515	619211
201510291520	628441
201510291525	629581
201510291530	622111
201510291535	622478
201510291540	624382
201510291545	623603
201510291550	622353
201510291555	621885
201510291600	645394
201510291605	643563
201510291610	654074
201510291615	652694
201510291620	657809
201510291625	653910
201510291630	652747
201510291635	654589
201510291640	654537
201510291645	653383
201510291650	649414
201510291655	640699
201510291700	629112
201510291705	623682
201510291710	617523
201510291715	596749
201510291720	595056
201510291725	582172
201510291730	559318
201510291735	548788
201510291740	554324
201510291745	554537
201510291750	552258
201510291755	550935
201510291800	559405
201510291805	556976
201510291810	559533
201510291815	563502
201510291820	569100
201510291825	581235
201510291830	588449
201510291835	593567
201510291840	592379
201510291845	589291
201510291850	596190
201510291855	606882
201510291900	612446
201510291905	619199
201510291910	626700
201510291915	634117
201510291920	641737
201510291925	644302
201510291930	654176
201510291935	657276
201510291940	658296
201510291945	655615
201510291950	652006
201510291955	648774
201510292000	647173
201510292005	632011
201510292010	627770
201510292015	627909
201510292020	625226
201510292025	635505
201510292030	729387
201510292035	612656
201510292040	597319
201510292045	591065
201510292050	586016
201510292055	576874
201510292100	568299
201510292105	562746
201510292110	552293
201510292115	548964
201510292120	539562
201510292125	534094
201510292130	528029
201510292135	512346
201510292140	501669
201510292145	492331
201510292150	478929
201510292155	469486
201510292200	460255
201510292205	449161
201510292210	437223
201510292215	425523
201510292220	414811
201510292225	399352
201510292230	383837
201510292235	373733
201510292240	359432
201510292245	350480
201510292250	332709
201510292255	317482
201510292300	300052
201510292305	287154
201510292310	276529
201510292315	265023
201510292320	251450
201510292325	239917
201510292330	227813
201510292335	215897
201510292340	205862
201510292345	197567
201510292350	187752
201510292355	178550
