201511161840	574754
201511161845	581201
201511161850	587621
201511161855	591838
201511161900	601073
201511161905	607387
201511161910	612123
201511161915	617638
201511161920	627821
201511161925	631425
201511161930	636327
201511161935	637322
201511161940	638902
201511161945	633894
201511161950	626326
201511161955	623740
201511162000	626315
201511162005	626154
201511162010	621329
201511162015	618732
201511162020	615293
201511162025	608708
201511162030	603139
201511162035	596813
201511162040	588922
201511162045	585211
201511162050	577956
201511162055	569045
201511162100	563099
201511162105	559986
201511162110	555565
201511162115	549922
201511162120	539785
201511162125	530388
201511162130	520214
201511162135	513021
201511162140	502353
201511162145	493869
201511162150	485455
201511162155	473945
201511162200	463178
201511162205	452917
201511162210	442702
201511162215	430426
201511162220	420101
201511162225	407493
201511162230	393835
201511162235	379132
201511162240	366575
201511162245	355092
201511162250	341440
201511162255	325757
201511162300	306367
201511162305	294510
201511162310	284811
201511162315	273078
201511162320	260671
201511162325	246840
201511162330	234397
201511162335	224108
201511162340	213474
201511162345	203181
201511162350	192758
201511162355	181965
201511170000	178202
201511170005	169649
201511170010	162004
201511170015	153785
201511170020	146153
201511170025	138881
201511170030	131348
201511170035	125729
201511170040	119646
201511170045	115282
201511170050	109845
201511170055	104771
201511170100	100752
201511170105	98544
201511170110	94906
201511170115	91582
201511170120	87477
201511170125	83122
201511170130	82652
201511170135	80617
201511170140	77236
201511170145	74598
201511170150	70831
201511170155	68006
201511170200	67438
201511170205	66382
201511170210	65471
201511170215	61590
201511170220	58742
201511170225	57392
201511170230	57437
201511170235	57076
201511170240	56270
201511170245	55446
201511170250	54425
201511170255	52426
201511170300	51750
201511170305	51797
201511170310	51568
201511170315	51819
201511170320	51183
201511170325	48485
201511170330	46638
201511170335	46193
201511170340	45536
201511170345	45293
201511170350	43132
201511170355	41834
201511170400	42691
201511170405	44852
201511170410	45338
201511170415	44853
201511170420	43560
201511170425	43411
201511170430	45682
201511170435	45741
201511170440	45024
201511170445	43266
201511170450	42814
201511170455	41659
201511170500	42824
201511170505	44874
201511170510	47361
201511170515	55617
201511170520	58131
201511170525	56180
201511170530	54220
201511170535	51129
201511170540	50047
201511170545	51358
201511170550	50362
201511170555	51094
201511170600	52809
201511170605	57930
201511170610	58048
201511170615	59522
201511170620	58148
201511170625	58951
201511170630	61695
201511170635	62465
201511170640	64013
201511170645	66209
201511170650	68279
201511170655	70781
201511170700	74606
201511170705	78859
201511170710	83697
201511170715	87326
201511170720	90131
201511170725	97452
201511170730	106781
201511170735	115046
201511170740	124014
201511170745	137504
201511170750	150900
201511170755	171702
201511170800	193157
201511170805	223912
201511170810	248755
201511170815	273179
201511170820	292164
201511170825	319729
201511170830	346347
201511170835	369887
201511170840	392800
201511170845	414944
201511170850	436806
201511170855	457808
201511170900	474086
201511170905	488117
201511170910	505729
201511170915	514027
201511170920	514266
201511170925	530961
201511170930	531742
201511170935	540001
201511170940	543903
201511170945	553691
201511170950	558713
201511170955	564614
201511171000	569071
201511171005	583323
201511171010	589200
201511171015	595023
201511171020	595471
201511171025	601569
201511171030	608975
201511171035	622915
201511171040	625117
201511171045	625299
201511171050	623144
201511171055	619504
201511171100	619202
201511171105	621047
201511171110	620083
201511171115	619705
201511171120	607923
201511171125	598624
201511171130	585314
201511171135	573887
201511171140	559371
201511171145	560333
201511171150	552375
201511171155	534339
201511171200	508963
201511171205	502825
201511171210	509821
201511171215	515635
201511171220	526339
201511171225	537493
201511171230	548681
201511171235	552348
201511171240	550283
201511171245	539350
201511171250	525364
201511171255	531211
201511171300	530207
201511171305	532893
201511171310	533712
201511171315	530278
201511171320	534054
201511171325	527488
201511171330	534812
201511171335	542036
201511171340	549930
201511171345	548011
201511171350	551336
201511171355	548058
201511171400	591683
201511171405	607309
201511171410	613340
201511171415	619568
201511171420	626336
201511171425	634954
201511171430	643841
201511171435	650530
201511171440	653154
201511171445	637567
201511171450	622612
201511171455	626709
201511171500	637451
201511171505	644393
201511171510	647095
201511171515	643869
201511171520	652962
201511171525	645470
201511171530	645881
201511171535	646425
201511171540	649806
201511171545	644723
201511171550	645942
201511171555	647690
201511171600	679782
201511171605	680241
201511171610	681100
201511171615	679296
201511171620	679383
201511171625	680625
201511171630	676617
201511171635	676947
201511171640	676331
201511171645	652749
201511171650	643869
201511171655	635671
201511171700	621424
201511171705	616532
201511171710	618646
201511171715	614852
201511171720	615020
201511171725	599686
201511171730	582218
201511171735	575731
201511171740	576963
201511171745	570584
201511171750	574633
201511171755	575426
201511171800	572635
201511171805	569093
201511171810	571200
201511171815	576782
201511171820	582296
201511171825	591443
201511171830	597859
201511171835	603094
201511171840	611834
201511171845	614411
201511171850	622532
201511171855	631586
201511171900	636576
201511171905	645075
201511171910	651074
201511171915	658758
201511171920	663344
201511171925	665154
201511171930	671085
201511171935	676133
201511171940	673879
