201511230920	529363
201511230925	538933
201511230930	538091
201511230935	549402
201511230940	552967
201511230945	564243
201511230950	573806
201511230955	580473
201511231000	592182
201511231005	605156
201511231010	615260
201511231015	624303
201511231020	626393
201511231025	630779
201511231030	632879
201511231035	634644
201511231040	634308
201511231045	631860
201511231050	634894
201511231055	630721
201511231100	620727
201511231105	624780
201511231110	622957
201511231115	621633
201511231120	608672
201511231125	598919
201511231130	591346
201511231135	578194
201511231140	564627
201511231145	556272
201511231150	548625
201511231155	537737
201511231200	499526
201511231205	497531
201511231210	498325
201511231215	504465
201511231220	512832
201511231225	522821
201511231230	529480
201511231235	530680
201511231240	526482
201511231245	538563
201511231250	531528
201511231255	525819
201511231300	515933
201511231305	521061
201511231310	519127
201511231315	518820
201511231320	520011
201511231325	520215
201511231330	530265
201511231335	537181
201511231340	543133
201511231345	539600
201511231350	539311
201511231355	547150
201511231400	588073
201511231405	605552
201511231410	609112
201511231415	617795
201511231420	616875
201511231425	630077
201511231430	639728
201511231435	638809
201511231440	629022
201511231445	625610
201511231450	624056
201511231455	627009
201511231500	637440
201511231505	644392
201511231510	643387
201511231515	646118
201511231520	647257
201511231525	647572
201511231530	645630
201511231535	649918
201511231540	649794
201511231545	643762
201511231550	647285
201511231555	644883
201511231600	668531
201511231605	676503
201511231610	675687
201511231615	675317
201511231620	671544
201511231625	673711
201511231630	678165
201511231635	675051
201511231640	658502
201511231645	650418
201511231650	643433
201511231655	637230
201511231700	621206
201511231705	612721
201511231710	612434
201511231715	608779
201511231720	607970
201511231725	590570
201511231730	570605
201511231735	561044
201511231740	560602
201511231745	555453
201511231750	555630
201511231755	554458
201511231800	561061
201511231805	577759
201511231810	571092
201511231815	572848
201511231820	570569
201511231825	578562
201511231830	582603
201511231835	588393
201511231840	593812
201511231845	600841
201511231850	608657
201511231855	613317
201511231900	629177
201511231905	638539
201511231910	646883
201511231915	648701
201511231920	655043
201511231925	661444
201511231930	648458
201511231935	643723
201511231940	641401
201511231945	640201
201511231950	637613
201511231955	634003
201511232000	645649
201511232005	641770
201511232010	636713
201511232015	637187
201511232020	614902
201511232025	608106
201511232030	604835
201511232035	594938
201511232040	591414
201511232045	583771
201511232050	579058
201511232055	575972
201511232100	567274
201511232105	563443
201511232110	559533
201511232115	553666
201511232120	548580
201511232125	535335
201511232130	532001
201511232135	521943
201511232140	514634
201511232145	505725
201511232150	495115
201511232155	482695
201511232200	483088
201511232205	474989
201511232210	462938
201511232215	449192
201511232220	439316
201511232225	426773
201511232230	402149
201511232235	391118
201511232240	377157
201511232245	364351
201511232250	349486
201511232255	333333
201511232300	316398
201511232305	303942
201511232310	290502
201511232315	276635
201511232320	267670
201511232325	251903
201511232330	237987
201511232335	229418
201511232340	221350
201511232345	209891
201511232350	198926
201511232355	189868
201511240000	177517
201511240005	169229
201511240010	164286
201511240015	153873
201511240020	145029
201511240025	141896
201511240030	134554
201511240035	128855
201511240040	124155
201511240045	117415
201511240050	112924
201511240055	106634
201511240100	101700
201511240105	99109
201511240110	95965
201511240115	93123
201511240120	88274
201511240125	84588
201511240130	81411
201511240135	78665
201511240140	76028
201511240145	73492
201511240150	70383
201511240155	67205
201511240200	65758
201511240205	65999
201511240210	64168
201511240215	62224
201511240220	58166
201511240225	57165
201511240230	55883
201511240235	55543
201511240240	53540
201511240245	53314
201511240250	51365
201511240255	49893
201511240300	49695
201511240305	51165
201511240310	49619
201511240315	48629
201511240320	47462
201511240325	45853
201511240330	45356
201511240335	44547
201511240340	44187
201511240345	42600
201511240350	42349
201511240355	40681
201511240400	42247
201511240405	43688
201511240410	43904
201511240415	41885
201511240420	40881
201511240425	39617
201511240430	40707
201511240435	40320
201511240440	40072
201511240445	40055
201511240450	38530
201511240455	38153
201511240500	38692
201511240505	41433
201511240510	41448
201511240515	41085
201511240520	39500
201511240525	39420
201511240530	41043
201511240535	41942
201511240540	41561
201511240545	42428
201511240550	43652
201511240555	43966
201511240600	45952
201511240605	48655
201511240610	50851
201511240615	51689
201511240620	51048
201511240625	52230
201511240630	53775
201511240635	55464
201511240640	56224
201511240645	59255
201511240650	60388
201511240655	67517
201511240700	69917
201511240705	72385
201511240710	77299
201511240715	80710
201511240720	85034
201511240725	90936
201511240730	98178
201511240735	106468
201511240740	115614
201511240745	126812
201511240750	140374
201511240755	153862
201511240800	173131
201511240805	196732
201511240810	222956
201511240815	240783
201511240820	261475
201511240825	283073
201511240830	305744
201511240835	334133
201511240840	355134
201511240845	378204
201511240850	399453
201511240855	417442
201511240900	434273
201511240905	458002
201511240910	478341
201511240915	488016
201511240920	498205
201511240925	507866
201511240930	506760
201511240935	516677
201511240940	525456
201511240945	532460
201511240950	535983
201511240955	546495
201511241000	589837
201511241005	796628
201511241010	809771
201511241015	821481
201511241020	823848
