201511210000	250833
201511210005	240777
201511210010	229499
201511210015	217491
201511210020	207726
201511210025	197608
201511210030	189979
201511210035	180123
201511210040	172819
201511210045	165080
201511210050	157243
201511210055	150754
201511210100	145654
201511210105	139124
201511210110	134404
201511210115	128931
201511210120	124127
201511210125	119020
201511210130	115397
201511210135	111458
201511210140	106784
201511210145	101014
201511210150	97732
201511210155	94022
201511210200	91488
201511210205	91121
201511210210	88735
201511210215	85456
201511210220	81039
201511210225	78933
201511210230	77176
201511210235	74154
201511210240	72159
201511210245	71283
201511210250	69198
201511210255	67406
201511210300	65520
201511210305	66454
201511210310	65626
201511210315	64534
201511210320	62681
201511210325	60204
201511210330	59657
201511210335	57956
201511210340	57442
201511210345	56380
201511210350	54888
201511210355	52556
201511210400	54012
201511210405	55589
201511210410	54323
201511210415	52263
201511210420	51251
201511210425	50438
201511210430	51480
201511210435	52009
201511210440	51831
201511210445	49121
201511210450	49034
201511210455	47502
201511210500	49220
201511210505	49700
201511210510	50596
201511210515	50675
201511210520	48895
201511210525	49481
201511210530	50066
201511210535	50521
201511210540	51029
201511210545	52082
201511210550	52299
201511210555	52700
201511210600	55827
201511210605	57631
201511210610	58892
201511210615	60481
201511210620	62313
201511210625	63906
201511210630	66763
201511210635	68881
201511210640	71865
201511210645	74746
201511210650	79216
201511210655	83430
201511210700	91263
201511210705	98666
201511210710	104912
201511210715	111105
201511210720	117774
201511210725	126981
201511210730	135649
201511210735	147766
201511210740	158113
201511210745	169059
201511210750	182582
201511210755	195279
201511210800	211003
201511210805	236492
201511210810	255313
201511210815	270771
201511210820	285156
201511210825	302353
201511210830	320381
201511210835	337904
201511210840	354894
201511210845	373909
201511210850	387756
201511210855	403757
201511210900	420133
201511210905	438907
201511210910	458906
201511210915	480849
201511210920	493561
201511210925	506009
201511210930	517372
201511210935	532270
201511210940	536255
201511210945	548508
201511210950	560313
201511210955	571963
201511211000	579343
201511211005	592993
201511211010	603508
201511211015	609901
201511211020	612962
201511211025	618176
201511211030	623982
201511211035	632383
201511211040	635259
201511211045	639735
201511211050	645920
201511211055	641029
201511211100	635467
201511211105	646498
201511211110	648575
201511211115	646797
201511211120	636778
201511211125	647236
201511211130	639684
201511211135	635618
201511211140	628736
201511211145	625247
201511211150	621543
201511211155	612721
201511211200	597058
201511211205	593243
201511211210	591341
201511211215	590736
201511211220	587453
201511211225	594579
201511211230	599544
201511211235	612052
201511211240	605389
201511211245	617362
201511211250	620570
201511211255	629480
201511211300	634833
201511211305	647558
201511211310	652120
201511211315	659927
201511211320	656610
201511211325	669568
201511211330	679343
201511211335	676461
201511211340	677587
201511211345	677966
201511211350	672670
201511211355	672480
201511211400	701060
201511211405	711594
201511211415	711147
201511211410	715891
201511211420	712339
201511211425	714596
201511211430	719042
201511211440	719526
201511211445	715854
201511211450	710234
201511211455	697020
201511211500	694014
201511211505	698600
201511211510	695696
201511211520	701324
201511211525	694916
201511211530	694670
201511211535	703083
201511211540	709795
201511211545	708571
201511211550	708256
201511211435	716307
201511211555	707296
201511211600	730435
201511211605	732493
201511211610	730463
201511211615	725649
201511211620	719589
201511211625	722194
201511211630	713220
201511211515	697116
201511211635	716425
201511211640	711696
201511211645	709626
201511211650	690775
201511211655	681414
201511211700	667183
201511211705	659230
201511211710	653033
201511211715	652609
201511211720	646530
201511211725	638627
201511211730	624269
201511211735	618044
201511211740	614804
201511211745	610192
201511211750	608090
201511211755	606529
201511211800	619879
201511211805	634210
201511211810	636000
201511211815	637549
201511211820	639520
201511211825	644233
201511211830	649094
201511211835	656330
201511211840	662662
201511211845	668944
201511211850	680966
201511211855	689380
201511211900	694701
201511211905	696309
201511211910	694170
201511211915	696578
201511211920	694587
201511211925	701526
201511211930	706017
201511211935	710025
201511211940	704715
201511211945	700284
201511211950	704302
201511211955	722046
201511212000	717909
201511212005	715516
201511212010	712582
201511212015	710392
201511212020	706005
201511212025	696025
201511212030	683483
201511212035	681096
201511212040	671089
201511212045	660353
201511212050	660974
201511212055	666179
201511212100	668465
201511212105	665876
201511212110	648727
201511212115	639978
201511212120	630176
201511212125	616176
201511212130	604403
201511212135	595644
201511212140	580861
201511212145	567979
201511212150	552495
201511212155	552450
201511212200	554290
201511212205	545766
201511212210	532715
201511212215	514966
201511212220	506127
201511212225	492496
201511212230	482334
201511212235	474289
201511212240	457863
201511212245	447741
201511212250	432599
201511212255	411164
201511212300	399490
201511212305	386934
201511212310	372670
201511212315	359456
201511212320	346951
201511212325	332644
201511212330	321514
201511212335	312378
201511212340	297521
201511212345	283870
201511212350	272641
201511212355	262047
201511220000	257210
201511220005	245112
201511220010	234168
201511220015	223624
201511220020	217854
201511220025	209722
201511220030	201996
201511220035	191447
201511220040	184766
201511220045	173336
201511220050	167166
201511220055	161416
201511220100	155887
201511220105	152006
201511220110	153607
201511220115	154200
201511220120	153764
201511220125	145279
201511220130	132732
201511220135	123306
201511220140	116730
201511220145	110743
201511220150	104414
201511220155	99582
201511220200	97188
201511220205	101512
201511220210	102000
201511220215	95444
201511220220	88179
201511220225	85355
201511220230	82659
201511220235	80678
201511220240	77281
201511220245	75322
201511220250	73808
201511220255	71059
201511220300	69576
201511220305	70241
201511220310	71720
201511220315	67947
201511220320	64582
201511220325	63409
201511220330	61381
201511220335	59762
201511220340	59019
201511220345	57918
201511220350	56409
201511220355	53956
201511220400	54383
201511220405	55805
201511220410	55537
201511220415	53137
201511220420	52717
201511220425	51400
201511220430	52031
201511220435	52221
201511220440	51313
201511220445	50371
201511220450	47861
201511220455	47434
201511220500	49126
201511220505	50611
201511220510	51075
201511220515	49834
201511220520	49469
201511220525	48840
201511220530	49530
201511220535	50582
201511220540	50553
201511220545	50351
201511220550	51257
201511220555	50715
201511220600	52713
201511220605	54450
201511220610	56632
201511220615	56812
201511220620	57142
201511220625	59010
201511220630	60646
201511220635	64361
201511220640	65185
201511220645	69538
201511220650	73998
201511220655	76729
201511220700	82620
201511220705	89566
201511220710	96671
201511220715	101353
201511220720	107937
201511220725	116246
201511220730	125156
201511220735	136057
201511220740	144918
201511220745	153587
201511220750	165665
201511220755	178746
201511220800	190848
201511220805	209782
201511220810	225128
201511220815	239880
201511220820	252507
201511220825	269254
201511220830	285741
201511220835	298841
201511220840	313048
201511220845	332797
201511220850	348337
201511220855	364791
201511220900	380556
201511220905	400747
201511220910	416103
201511220915	431699
201511220920	444098
201511220925	459075
201511220930	472700
201511220935	487844
201511220940	498544
201511220945	515628
201511220950	527443
201511220955	552371
201511221000	578312
201511221005	592090
201511221010	597712
201511221015	601862
201511221020	604183
201511221025	607755
201511221030	611357
201511221035	613735
201511221040	618157
201511221045	622613
201511221050	627966
201511221055	628437
201511221100	622600
201511221105	627883
201511221110	631582
201511221115	629568
201511221120	625777
201511221125	626221
201511221130	624142
201511221135	622913
201511221140	612702
201511221145	613402
201511221150	607710
201511221155	606363
201511221200	594439
201511221205	595737
201511221210	596885
201511221215	597979
201511221220	594804
201511221225	600862
201511221230	604431
201511221235	609063
201511221240	610510
201511221245	618375
201511221250	624360
201511221255	629792
201511221300	632190
201511221305	644129
201511221310	646610
201511221315	648563
201511221320	646382
201511221325	659740
201511221330	673931
201511221335	676542
201511221340	678126
201511221345	682155
201511221350	681871
201511221355	681465
201511221400	682874
201511221405	693568
201511221415	697570
201511221420	687635
201511221425	695457
201511221430	692751
201511221435	690800
201511221440	683106
201511221445	693457
201511221450	697872
201511221455	694793
201511221500	690972
201511221410	696763
201511221505	700103
201511221510	698696
201511221515	699733
201511221520	691414
201511221525	695709
201511221530	696966
201511221535	698682
201511221540	691329
201511221545	689144
201511221550	689601
201511221555	682728
201511221600	681902
201511221605	684778
201511221610	685285
201511221615	683326
201511221620	673908
201511221625	675498
201511221630	667098
201511221635	666579
201511221640	663381
201511221645	654144
201511221650	648977
201511221655	643440
201511221700	636334
201511221705	635380
201511221710	624749
201511221715	615875
201511221720	603288
201511221725	604186
201511221730	593982
201511221735	588412
201511221740	576545
201511221745	580345
201511221750	572480
201511221755	573374
201511221800	575306
201511221805	577084
201511221810	577223
201511221815	580893
201511221820	582194
201511221825	584268
201511221830	587611
201511221835	591463
201511221840	591410
201511221845	598817
201511221850	609563
201511221855	614511
201511221900	615057
201511221905	624438
201511221910	627692
201511221915	629285
201511221920	623776
201511221925	634211
201511221930	633826
201511221935	633913
201511221940	626794
201511221945	616648
201511221950	607385
201511221955	601053
201511222000	604041
201511222005	606363
201511222010	603888
201511222015	610732
201511222020	608242
201511222025	606241
201511222030	595075
201511222035	593127
201511222040	588000
201511222045	581287
201511222050	570566
201511222055	562955
201511222100	552840
201511222105	546863
201511222110	538622
201511222115	536419
201511222120	522593
201511222125	520689
201511222130	516889
201511222135	507069
201511222140	497305
201511222145	493471
201511222150	478593
201511222155	472001
201511222200	461568
201511222205	454308
201511222210	441308
201511222215	429040
201511222220	413511
201511222225	403408
201511222230	389261
201511222235	375262
201511222240	368357
201511222245	362173
201511222250	343971
201511222255	328166
201511222300	310349
201511222305	300376
201511222310	288183
201511222315	275542
201511222320	261967
201511222325	248795
201511222330	235269
201511222335	225029
201511222340	214127
201511222345	203853
201511222350	194341
201511222355	185862
201511230000	181452
201511230005	172353
201511230010	163977
201511230015	156117
201511230020	148977
201511230025	141925
201511230030	136478
201511230035	130698
201511230040	122688
201511230045	116800
201511230050	112685
201511230055	107055
201511230100	102084
201511230105	98604
201511230110	96714
201511230115	92674
201511230120	86557
201511230125	84145
201511230130	81844
201511230135	79011
201511230140	76574
201511230145	72497
201511230150	70228
201511230155	66235
201511230200	65329
201511230205	65079
201511230210	64413
201511230215	60874
201511230220	57193
201511230225	55264
201511230230	54811
201511230235	53635
201511230240	51790
201511230245	51118
201511230250	49811
201511230255	47832
201511230300	47340
201511230305	48546
201511230310	47644
201511230315	46065
201511230320	44020
201511230325	43542
201511230330	42289
201511230335	41881
201511230340	40948
201511230345	40004
201511230350	39603
201511230355	38707
201511230400	39370
201511230405	41332
201511230410	42042
201511230415	39200
201511230420	37759
201511230425	37759
201511230430	38702
201511230435	38924
201511230440	38220
201511230445	37104
201511230450	35537
201511230455	33828
201511230500	36435
201511230505	38899
201511230510	39787
201511230515	38133
201511230520	37476
201511230525	37677
201511230530	38063
201511230535	38510
201511230540	38622
201511230545	39239
201511230550	40380
201511230555	40582
201511230600	42043
201511230605	44976
201511230610	45985
201511230615	46717
201511230620	46863
201511230625	48324
201511230630	50428
201511230635	51459
201511230640	52364
201511230645	54887
201511230650	57107
201511230655	58603
201511230700	64485
201511230705	68988
201511230710	72997
201511230715	76499
201511230720	78939
201511230725	85645
201511230730	94182
201511230735	102279
201511230740	110871
201511230745	122718
201511230750	136373
201511230755	152838
201511230800	172297
201511230805	201694
201511230810	225078
201511230815	247989
201511230820	265554
201511230825	292723
201511230830	311845
201511230835	343862
201511230840	366070
201511230845	386621
201511230850	412559
201511230855	424168
201511230900	446856
201511230905	486172
201511230910	506941
201511230915	520087
201511230920	529363
201511230925	538933
201511230930	538091
201511230935	549402
201511230940	552967
201511230945	564243
201511230950	573806
201511230955	580473
201511231000	592182
201511231005	605156
201511231010	615260
201511231015	624303
201511231020	626393
201511231025	630779
201511231030	632879
201511231035	634644
201511231040	634308
201511231045	631860
201511231050	634894
201511231055	630721
201511231100	620727
201511231105	624780
201511231110	622957
201511231115	621633
201511231120	608672
201511231125	598919
201511231130	591346
201511231135	578194
201511231140	564627
201511231145	556272
201511231150	548625
201511231155	537737
201511231200	499526
201511231205	497531
201511231210	498325
201511231215	504465
201511231220	512832
201511231225	522821
201511231230	529480
201511231235	530680
201511231240	526482
201511231245	538563
201511231250	531528
201511231255	525819
201511231300	515933
201511231305	521061
201511231310	519127
201511231315	518820
201511231320	520011
201511231325	520215
201511231330	530265
201511231335	537181
201511231340	543133
201511231345	539600
201511231350	539311
201511231355	547150
201511231400	588073
201511231405	605552
201511231410	609112
201511231415	617795
201511231420	616875
201511231430	639728
201511231425	630077
201511231435	638809
201511231440	629022
201511231445	625610
201511231450	624056
201511231455	627009
201511231500	637440
201511231505	644392
201511231510	643387
201511231515	646118
201511231520	647257
201511231525	647572
201511231530	645630
201511231535	649918
201511231540	649794
201511231545	643762
201511231550	647285
201511231555	644883
201511231600	668531
201511231605	676503
201511231610	675687
201511231615	675317
201511231620	671544
201511231625	673711
201511231630	678165
201511231635	675051
201511231640	658502
201511231645	650418
201511231650	643433
201511231655	637230
201511231700	621206
201511231705	612721
201511231710	612434
201511231715	608779
201511231720	607970
201511231725	590570
201511231730	570605
201511231735	561044
201511231740	560602
201511231745	555453
201511231750	555630
201511231755	554458
201511231800	561061
201511231805	577759
201511231810	571092
201511231815	572848
201511231820	570569
201511231825	578562
201511231830	582603
201511231835	588393
201511231840	593812
201511231845	600841
201511231850	608657
201511231855	613317
201511231900	629177
201511231905	638539
201511231915	648701
201511231920	655043
201511231925	661444
201511231930	648458
201511231940	641401
201511231945	640201
201511231950	637613
201511231955	634003
201511232000	645649
201511232005	641770
201511232010	636713
201511232015	637187
201511232020	614902
201511232025	608106
201511231910	646883
201511232030	604835
201511232035	594938
201511232040	591414
201511232045	583771
201511232050	579058
201511231935	643723
201511232055	575972
201511232100	567274
201511232105	563443
201511232110	559533
201511232120	548580
201511232125	535335
201511232130	532001
201511232135	521943
201511232140	514634
201511232145	505725
201511232150	495115
201511232155	482695
201511232200	483088
201511232205	474989
201511232210	462938
201511232215	449192
201511232115	553666
201511232220	439316
201511232225	426773
201511232230	402149
201511232235	391118
201511232240	377157
201511232245	364351
201511232250	349486
201511232255	333333
201511232300	316398
201511232305	303942
201511232310	290502
201511232315	276635
201511232320	267670
201511232325	251903
201511232330	237987
201511232335	229418
201511232340	221350
201511232345	209891
201511232350	198926
201511232355	189868
201511240000	177517
201511240005	169229
201511240010	164286
201511240015	153873
201511240020	145029
201511240025	141896
201511240030	134554
201511240035	128855
201511240040	124155
201511240045	117415
201511240050	112924
201511240055	106634
201511240100	101700
201511240105	99109
201511240110	95965
201511240115	93123
201511240120	88274
201511240125	84588
201511240130	81411
201511240135	78665
201511240140	76028
201511240145	73492
201511240150	70383
201511240155	67205
201511240200	65758
201511240205	65999
201511240210	64168
201511240215	62224
201511240220	58166
201511240225	57165
201511240230	55883
201511240235	55543
201511240240	53540
201511240245	53314
201511240250	51365
201511240255	49893
201511240300	49695
201511240305	51165
201511240310	49619
201511240315	48629
201511240320	47462
201511240325	45853
201511240330	45356
201511240335	44547
201511240340	44187
201511240345	42600
201511240350	42349
201511240355	40681
201511240400	42247
201511240405	43688
201511240410	43904
201511240415	41885
201511240420	40881
201511240425	39617
201511240430	40707
201511240435	40320
201511240440	40072
201511240445	40055
201511240450	38530
201511240455	38153
201511240500	38692
201511240505	41433
201511240510	41448
201511240515	41085
201511240520	39500
201511240525	39420
201511240530	41043
201511240535	41942
201511240540	41561
201511240545	42428
201511240550	43652
201511240555	43966
201511240600	45952
201511240605	48655
201511240610	50851
201511240615	51689
201511240620	51048
201511240625	52230
201511240630	53775
201511240635	55464
201511240640	56224
201511240645	59255
201511240650	60388
201511240655	67517
201511240700	69917
201511240705	72385
201511240710	77299
201511240715	80710
201511240720	85034
201511240725	90936
201511240730	98178
201511240735	106468
201511240740	115614
201511240745	126812
201511240750	140374
201511240755	153862
201511240800	173131
201511240805	196732
201511240810	222956
201511240815	240783
201511240820	261475
201511240825	283073
201511240830	305744
201511240835	334133
201511240840	355134
201511240845	378204
201511240850	399453
201511240855	417442
201511240900	434273
201511240905	458002
201511240910	478341
201511240915	488016
201511240920	498205
201511240925	507866
201511240930	506760
201511240935	516677
201511240940	525456
201511240945	532460
201511240950	535983
201511240955	546495
201511241000	589837
201511241005	796628
201511241010	809771
201511241015	821481
201511241020	823848
201511241025	690341
201511241030	590908
201511241035	593440
201511241040	593020
201511241045	604095
201511241050	603690
201511241055	595299
201511241100	591388
201511241105	587733
201511241110	584816
201511241115	577643
201511241120	571451
201511241125	561071
201511241130	541560
201511241135	530154
201511241140	522670
201511241145	516001
201511241150	506958
201511241155	491078
201511241200	458528
201511241205	449194
201511241210	452443
201511241215	456967
201511241220	467048
201511241225	481110
201511241230	488758
201511241235	492111
201511241240	495357
201511241245	497082
201511241250	497199
201511241255	530934
201511241300	539828
201511241305	552016
201511241310	554192
201511241315	551157
201511241320	547923
201511241325	549679
201511241330	551510
201511241335	565815
201511241340	569308
201511241345	571465
201511241350	572631
201511241355	581805
201511241400	591496
201511241405	602824
201511241415	616974
201511241410	614655
201511241425	624861
201511241420	617236
201511241430	633636
201511241435	639387
201511241440	637869
201511241445	646560
201511241450	649696
201511241455	645744
201511241500	655464
201511241505	662608
201511241510	661075
201511241515	663978
201511241520	670921
201511241525	670481
201511241530	665451
201511241535	663674
201511241540	658148
201511241545	660504
201511241550	650559
201511241555	647982
201511241600	653374
201511241605	650871
201511241610	654333
201511241615	654878
201511241620	657026
201511241625	651474
201511241630	644014
201511241635	649668
201511241640	647269
201511241645	647987
201511241650	636057
201511241655	634333
201511241700	619984
201511241705	618037
201511241710	612114
201511241715	587071
201511241720	585961
201511241725	573077
201511241730	550950
201511241735	541721
201511241740	544218
201511241745	542323
201511241750	544338
201511241755	539773
201511241800	555417
201511241805	555377
201511241810	559753
201511241815	562616
201511241820	564977
201511241825	569812
201511241830	576660
201511241835	582961
201511241840	589959
201511241845	598085
201511241850	610206
201511241855	615657
201511241900	619853
201511241905	622915
201511241910	626296
201511241915	631260
201511241920	632902
201511241925	631140
201511241930	620063
201511241935	618932
201511241940	624130
201511241945	621550
201511241950	618326
201511241955	613167
201511242000	626792
201511242005	622770
201511242010	623340
201511242015	623832
201511242020	615386
201511242025	612141
201511242030	603172
201511242035	596516
201511242040	592229
201511242045	583012
201511242050	575648
201511242055	567769
201511242100	560895
201511242105	554774
201511242110	554523
201511242115	547230
201511242120	538053
201511242125	531030
201511242130	522501
201511242135	512028
201511242140	501498
201511242145	493503
201511242150	469173
201511242155	459766
201511242200	460301
201511242205	451964
201511242210	440569
201511242215	429405
201511242220	417094
201511242225	404678
201511242230	391365
201511242235	376974
201511242240	359631
201511242245	346011
201511242250	332651
201511242255	318635
201511242300	302246
201511242305	290595
201511242310	280397
201511242315	267276
201511242320	254926
201511242325	239695
201511242330	226893
201511242335	217165
201511242340	207610
201511242345	196396
201511242350	190146
201511242355	180625
201511250000	168557
201511250005	164364
201511250010	157470
201511250015	152012
201511250020	144411
201511250025	136931
201511250030	132151
201511250035	125621
201511250040	120402
201511250045	113800
201511250050	109720
201511250055	105188
201511250100	99701
201511250105	97033
201511250110	94869
201511250115	91184
201511250120	87089
201511250125	83952
201511250130	81409
201511250135	78379
201511250140	76997
201511250145	73319
201511250150	69625
201511250155	66773
201511250200	65977
201511250205	66520
201511250210	64197
201511250215	61233
201511250220	58151
201511250225	57044
201511250230	55167
201511250235	53403
201511250240	53534
201511250245	51568
201511250250	51520
201511250255	49656
201511250300	48609
201511250305	49454
201511250310	49463
201511250315	47064
201511250320	46786
201511250325	45082
201511250330	43797
201511250335	43578
201511250340	43035
201511250345	42320
201511250350	41678
201511250355	41054
201511250400	41251
201511250405	42732
201511250410	42718
201511250415	41616
201511250420	40314
201511250425	39171
201511250430	40639
201511250435	41221
201511250440	41489
201511250445	39581
201511250450	37872
201511250455	36799
201511250500	38868
201511250505	40963
201511250510	41999
201511250515	41986
201511250520	39311
201511250525	39487
201511250530	40340
201511250535	41052
201511250540	41801
201511250545	42038
201511250550	42416
201511250555	41914
201511250600	44951
201511250605	47691
201511250610	48968
201511250615	49179
201511250620	49108
201511250625	51387
201511250630	51963
201511250635	53658
201511250640	55647
201511250645	56365
201511250655	60511
201511250700	65773
201511250705	70740
201511250710	74048
201511250715	77793
201511250720	80698
201511250725	86121
201511250730	93762
201511250650	59211
201511250735	102894
201511250740	111470
201511250745	122785
201511250750	134719
201511250755	150666
201511250800	171576
201511250805	198853
201511250810	224175
201511250815	242997
201511250820	263925
201511250825	287777
201511250830	309379
201511250835	333586
201511250840	362516
201511250845	391209
201511250850	412224
201511250855	433163
201511250900	448662
201511250905	471594
201511250910	492001
201511250915	501181
201511250920	510219
201511250925	520495
201511250930	518074
201511250935	526162
201511250940	535926
201511250945	544480
201511250950	555110
201511250955	560833
201511251000	568656
201511251005	583690
201511251010	591342
201511251015	593056
201511251020	595889
201511251025	603664
201511251030	607044
201511251035	601323
201511251040	605644
201511251045	611761
201511251050	611515
201511251055	616107
201511251100	611067
201511251105	612371
201511251110	611308
201511251115	612456
201511251120	599237
201511251125	588308
201511251130	574583
201511251135	559111
201511251140	548393
201511251145	542320
201511251150	528492
201511251155	511708
201511251200	483429
201511251205	473729
201511251210	477253
201511251215	484502
201511251225	497421
201511251230	505639
201511251235	513058
201511251240	512806
201511251245	515807
201511251250	518870
201511251255	521542
201511251300	493813
201511251305	496369
201511251310	500910
201511251315	502101
201511251320	503195
201511251220	490259
201511251325	503615
201511251330	510003
201511251335	520409
201511251340	526569
201511251345	521397
201511251350	496539
201511251355	501766
201511251400	535330
201511251405	550690
201511251410	575597
201511251415	599276
201511251420	606500
201511251425	612028
201511251430	612774
201511251435	617804
201511251440	619274
201511251445	621401
201511251450	625393
201511251455	613141
201511251500	610245
201511251505	620736
201511251510	616728
201511251515	621895
201511251520	623921
201511251525	620101
201511251530	614686
201511251535	615091
201511251540	617802
201511251545	616582
201511251550	619615
201511251750	529781
201511251800	535617
201511251805	535177
201511251700	588586
201511251650	640249
201511251655	607178
201511251810	538732
201511251705	580571
201511251720	578858
201511251715	581321
201511251815	537810
201511251820	525653
201511251825	535675
201511251830	541079
201511251835	543928
201511251745	532619
201511251730	544131
201511251735	534551
201511251740	541851
201511251725	566464
201511251625	651350
201511251615	651003
201511251620	648817
201511251630	644903
201511251635	650200
201511251710	582785
201511251605	650423
201511251850	559428
201511251855	567864
201511251900	574722
201511251905	576624
201511251910	585540
201511251915	589441
201511251920	598678
201511251925	599410
201511251930	604451
201511251935	604480
201511251940	599399
201511251610	652206
201511251840	548717
201511251945	605038
201511251845	554129
201511251600	645533
201511251555	615005
201511251755	527924
201511251950	599892
201511251955	594563
201511252000	589060
201511251640	650160
201511251645	646789
201511252005	587207
201511252010	585999
201511252015	587514
201511252020	584819
201511252025	580104
201511252030	572192
201511252035	564672
201511252040	557475
201511252045	551617
201511252050	545934
201511252055	539861
201511252100	526615
201511252105	522850
201511252110	520238
201511252115	518404
201511252120	510736
201511252125	499177
201511252130	488609
201511252135	478458
201511252140	473168
201511252145	468551
201511252150	459200
201511252155	448583
201511252200	437629
201511252205	426781
201511252210	416589
201511252215	405104
201511252220	391879
201511252225	382124
201511252230	368460
201511252235	356745
201511252240	345760
201511252245	332770
201511252250	319135
201511252255	305442
201511252300	288913
201511252305	277719
201511252310	266320
201511252315	253147
201511252320	240293
201511252325	228422
201511252330	215472
201511252335	205598
201511252340	194583
201511252345	185962
201511252350	178676
201511252355	169666
201511260000	157189
201511260005	152238
201511260010	143385
201511260015	135601
201511260020	129634
201511260025	122268
201511260030	120104
201511260035	115627
201511260040	111625
201511260045	106258
201511260050	101829
201511260055	98021
201511260100	91958
201511260105	89689
201511260110	87163
201511260115	83592
201511260120	79765
201511260125	77168
201511260130	75535
201511260135	73603
201511260140	70995
201511260145	66810
201511260150	63488
201511260155	61799
201511260200	60352
201511260205	60918
201511260210	60223
201511260215	57014
201511260220	53676
201511260225	52867
201511260230	50755
201511260235	49787
201511260240	49836
201511260245	47638
201511260250	47183
201511260255	45831
201511260300	44430
201511260305	46826
201511260310	45896
201511260315	45573
201511260320	43621
201511260325	42931
201511260330	42045
201511260335	40799
201511260340	40948
201511260345	39728
201511260350	38206
201511260355	37991
201511260400	37597
201511260405	40019
201511260410	40148
201511260415	39157
201511260420	37801
201511260425	36617
201511260430	37545
201511260435	39083
201511260440	38790
201511260445	38605
201511260450	36282
201511260455	35953
201511260500	36377
201511260505	39038
201511260510	39057
201511260515	38942
201511260520	38797
201511260525	38028
201511260530	38868
201511260535	40605
201511260540	40487
201511260545	41592
201511260550	41469
201511260555	41321
201511260600	43182
201511260605	45368
201511260610	47358
201511260615	47332
201511260620	47569
201511260625	48671
201511260630	50136
201511260635	51912
201511260640	52523
201511260645	55530
201511260650	57527
201511260655	58410
201511260700	63289
201511260705	70044
201511260710	72249
201511260715	75475
201511260720	77710
201511260725	83636
201511260730	90220
201511260735	97814
201511260740	107232
201511260745	119273
201511260750	130722
201511260755	146588
201511260800	166641
201511260805	193233
201511260810	215275
201511260815	234934
201511260820	255308
201511260825	279012
201511260830	305245
201511260835	330376
201511260840	348970
201511260845	373294
201511260850	398955
201511260855	417043
201511260900	432853
201511260905	454774
201511260910	474347
201511260915	484848
201511260920	490721
201511260925	500867
201511260930	497379
201511260935	505458
201511260940	510580
201511260945	525074
201511260950	529616
201511260955	537557
201511261000	544236
201511261005	557853
201511261010	566108
201511261015	568829
201511261020	566008
201511261025	572211
201511261030	575845
201511261035	580600
201511261040	574216
201511261045	582741
201511261050	586662
201511261055	584562
201511261100	577428
201511261105	580432
201511261110	582237
201511261115	576135
201511261120	564484
201511261125	558700
201511261130	544805
201511261135	532075
201511261140	519846
201511261145	517273
201511261150	511873
201511261155	493036
201511261200	466577
201511261205	458105
201511261210	461895
201511261215	465877
201511261220	472187
201511261225	484392
201511261230	487723
201511261235	493177
201511261240	490741
201511261245	497924
201511261250	501414
201511261255	506574
201511261300	479363
201511261305	478811
201511261310	482161
201511261315	485035
201511261320	484218
201511261325	473295
201511261330	492708
201511261335	497775
201511261340	508623
201511261345	509516
201511261350	509025
201511261355	517173
201511261400	554228
201511261405	567658
201511261410	574037
201511261415	580379
201511261420	587688
201511261425	591199
201511261430	595386
201511261435	605030
201511261440	608378
201511261445	614401
201511261500	592343
201511261455	597156
201511261505	599685
201511261510	600115
201511261515	602342
201511261520	607622
201511261525	600934
201511261530	598497
201511261535	597146
201511261540	602338
201511261545	602461
201511261450	617414
201511261605	629401
201511261620	628198
201511261625	627540
201511261630	626719
201511261635	626962
201511261640	626805
201511261645	629377
201511261650	625820
201511261655	589004
201511261700	573249
201511261705	567821
201511261710	565799
201511261715	567121
201511261720	565576
201511261725	549600
201511261730	531856
201511261735	519678
201511261740	521226
201511261745	516285
201511261750	518003
201511261755	516428
201511261800	529492
201511261550	603194
201511261610	633500
201511261555	601122
201511261600	625902
201511261615	635833
201511261805	529210
201511261815	533506
201511261810	530470
201511261820	524642
201511261825	526879
201511261830	531933
201511261835	538045
201511261840	546275
201511261845	551729
201511261850	557003
201511261855	564390
201511261900	574915
201511261905	578112
201511261910	581064
201511261915	589635
201511261920	594783
201511261925	595567
201511261930	595195
201511261935	601484
201511261940	603885
201511261945	598986
201511261950	598115
201511261955	593348
201511262000	584685
201511262005	586597
201511262010	583336
201511262015	581857
201511262020	575096
201511262025	578741
201511262030	575723
201511262035	568714
201511262040	565431
201511262045	556834
201511262050	545463
201511262055	540522
201511262100	533461
201511262105	526234
201511262110	519657
201511262115	514645
201511262120	510142
201511262125	505758
201511262130	496945
201511262135	487389
201511262140	477183
201511262145	466157
201511262150	452701
201511262155	442076
201511262200	438489
201511262205	428895
201511262210	418053
201511262215	407377
201511262220	395197
201511262225	381341
201511262230	368532
201511262235	356308
201511262240	346242
201511262245	334503
201511262250	320292
201511262255	303678
201511262300	291727
201511262305	278925
201511262310	266106
201511262315	253891
201511262320	244207
201511262325	232642
201511262330	219498
201511262335	209236
201511262340	197417
201511262345	187712
201511262350	179294
201511262355	170079
201511270000	163268
201511270005	156333
201511270010	151196
201511270015	144557
201511270020	136287
201511270025	129742
201511270030	122687
201511270035	117988
201511270040	111458
201511270045	108418
201511270050	101991
201511270055	96997
201511270100	92175
201511270105	89193
201511270110	86999
201511270115	83816
201511270120	78612
201511270125	76173
201511270130	73671
201511270135	72068
201511270140	70583
201511270145	67400
201511270150	63897
201511270155	61676
201511270200	59601
201511270205	61861
201511270210	60718
201511270215	58004
201511270220	54135
201511270225	53118
201511270230	51326
201511270235	49223
201511270240	47963
201511270245	48572
201511270250	46975
201511270255	44783
201511270300	43745
201511270305	46760
201511270310	47016
201511270315	46049
201511270320	43674
201511270325	42656
201511270330	42518
201511270335	40705
201511270340	41121
201511270345	39733
201511270350	38111
201511270355	36684
201511270400	37524
201511270405	40272
201511270410	41166
201511270415	39142
201511270420	37122
201511270425	36103
201511270430	37496
201511270435	38958
201511270440	37390
201511270445	37421
201511270450	36517
201511270455	35327
201511270500	35475
201511270505	38583
201511270510	40416
201511270515	38911
201511270520	37735
201511270525	39097
201511270530	39328
201511270535	40060
201511270540	39438
201511270545	40411
201511270550	40992
201511270555	40587
201511270600	41440
201511270605	45780
201511270610	49201
201511270615	49758
201511270620	48474
201511270625	50301
201511270630	51905
201511270635	52370
201511270640	53550
201511270645	56064
201511270650	58224
201511270655	59131
201511270700	64350
201511270705	69225
201511270710	73140
201511270715	76146
201511270720	77858
201511270725	84353
201511270730	91082
201511270735	99785
201511270740	106673
201511270745	117948
201511270750	129981
201511270755	144981
201511270800	162757
201511270805	192369
201511270810	215755
201511270815	237477
201511270820	254763
201511270825	278278
201511270830	300275
201511270835	326674
201511270840	353874
201511270845	375267
201511270850	393723
201511270855	416477
201511270900	431546
201511270905	457094
201511270910	475926
201511270915	487700
201511270920	499558
201511270925	508776
201511270930	508432
201511270935	516769
201511270940	520441
201511270945	529195
201511270950	534155
201511270955	546782
201511271000	548983
201511271005	563077
201511271010	566786
201511271015	572562
201511271020	571313
201511271025	580641
201511271030	578236
201511271035	582702
201511271040	581458
201511271045	586614
201511271050	586485
201511271055	586730
201511271100	574927
201511271105	583158
201511271110	587029
201511271115	583099
201511271120	570016
201511271125	561929
201511271130	549019
201511271135	535796
201511271140	523685
201511271145	521772
201511271150	508204
201511271155	492548
201511271200	464620
201511271205	455871
201511271210	463247
201511271215	470714
201511271220	483583
201511271225	499813
201511271230	503331
201511271235	506811
201511271240	504151
201511271245	504933
201511271250	508533
201511271255	507745
201511271300	491150
201511271305	487608
201511271310	487275
201511271315	488828
201511271320	491392
201511271325	485800
201511271330	497583
201511271335	508241
201511271340	511674
201511271345	517925
201511271350	515990
201511271355	517568
201511271400	557879
201511271405	572740
201511271410	576335
201511271415	579104
201511271420	585520
201511271425	594914
201511271430	593566
201511271435	599194
201511271440	602793
201511271445	604746
201511271450	608188
201511271455	593154
201511271500	586877
201511271505	594062
201511271510	594105
201511271515	599897
201511271520	605244
201511271525	599943
201511271530	599320
201511271535	591813
201511271540	610994
201511271545	617858
201511271550	602209
201511271555	610886
201511271600	600694
201511271605	592313
201511271615	651095
201511271620	653469
201511271625	658734
201511271630	657695
201511271635	663894
201511271640	664893
201511271645	667191
201511271650	666465
201511271655	637536
201511271725	600431
201511271730	578543
201511271735	573003
201511271740	573880
201511271745	577948
201511271755	567052
201511271800	578531
201511271805	579603
201511271700	619082
201511271705	613569
201511271810	582968
201511271710	611947
201511271715	608989
201511271610	649683
201511271815	580354
201511271820	571125
201511271825	573601
201511271750	596805
201511271720	612858
201511271830	580445
201511271835	586912
201511271840	591845
201511271845	599000
201511271850	607486
201511271900	628074
201511271905	632328
201511271910	636239
201511271915	644747
201511271920	649903
201511271925	653925
201511271930	657287
201511271935	655845
201511271940	657862
201511271945	656136
201511271950	653786
201511271955	654970
201511271855	618630
201511272000	649467
201511272005	646926
201511272010	651581
201511272015	654514
201511272020	653713
201511272025	651806
201511272030	644443
201511272035	633042
201511272040	628687
201511272045	621565
201511272050	618077
201511272055	608234
201511272100	607464
201511272105	606471
201511272110	604629
201511272115	600780
201511272120	584905
201511272125	573113
201511272130	557560
201511272135	551175
201511272140	543822
201511272145	533350
201511272150	517166
201511272155	502377
201511272200	489085
201511272205	477202
201511272210	465953
201511272215	456972
201511272220	445178
201511272225	431371
201511272230	414551
201511272235	405133
201511272240	389975
201511272245	380935
201511272250	363956
201511272255	353426
201511272300	341318
201511272305	332712
201511272310	319866
201511272315	307182
201511272320	295961
201511272325	285387
201511272330	269284
201511272335	258075
201511272340	247984
201511272345	237758
201511272350	226430
201511272355	219727
